1672590488.28,"lie"
1672590680.84,"elie"
1672590705.23,"r"
1672590893.19,"er"
1672590903.80,"d"
1672591114.36,"ed"
1672591150.73,"st"
1672591158.72,"sit"
1672591162.97,"st"
1672591165.95,"sit"
1672591169.98,"st"
1672591173.08,"sit"
1672591177.52,"st"
1672591181.56,"sit"
1672591186.19,"st"
1672591189.84,"sit"
1672591194.14,"st"
1672591197.94,"sit"
1672591201.42,"esit"
1672591306.72,"wd"
1672591508.14,"eww"
1672591549.70,"wp"
1672591739.27,"ewp"
1672591883.70,"ds"
1672591911.25,"eds"
1672591998.56,"ws"
1672592183.30,"wr"
1672592369.66,"wf"
1672592558.44,"ewf"
1672592663.22,"us"
1672592694.52,"eus"
